5.752364861534584151e+00
8.112947193439620008e+00
5.624501221318459088e+00
-5.131722752458633963e+00
-4.540462292666318511e+00
-6.824467478779807195e+00
1.011104229880036343e+00
-2.128615143710108626e+00
1.900621705236993364e-01
-3.412783155872070040e+00
4.042002350387310372e+00
-1.945320432033259550e+00
-5.562133168835412533e+00
-4.703468382487372423e+00
-9.981642678743313013e+00
-6.021257603432344396e+00
9.218867560323133148e+00
3.799231153039919207e+00
5.919383068424080463e+00
-2.888999887796703803e+00
4.491751154755924347e+00
-9.455000066852726093e+00
-5.483196181707585382e+00
8.102286695458872146e+00
2.451256614546633017e+00
4.264728267480224488e+00
1.144814284949235983e+00
-1.388945492300484474e+00
5.125891678415865016e+00
6.576508152137954255e-01
1.047754057574383779e+00
6.439026825260437903e+00
-4.247360478695818564e+00
-1.365255347632654548e-01
4.725814985571449967e+00
-3.245081095438331786e+00
4.105386823196310431e+00
-1.437821638540199842e+00
8.472320353178417918e+00
-8.528496445964126593e+00
4.060477305572085527e-02
-1.028716631024380490e+00
-7.254946719370347630e+00
-6.250168912231359286e+00
4.351096825341041807e+00
3.194718542232369174e+00
8.398693216554221408e+00
-8.476272929858430061e+00
2.751676944501767252e+00
-4.499465622139304344e+00
6.148693702284614204e+00
-5.220051037083866419e+00
-3.010458905994585876e+00
9.731543337561166851e+00
-3.158150332078488276e+00
1.946346757060933186e+00
-7.163706981245412386e+00
-4.334511030983499325e+00
-4.449272880625763094e+00
-8.614304699773189355e+00
2.047035054675120591e+00
-9.954917880282385667e+00
2.023036779850981404e+00
-9.224350834162331481e+00
7.200989866701117847e+00
-8.945985371514851181e+00
8.752116716528757223e+00
4.882515991726535276e+00
8.517292821190508789e+00
4.464607211244457474e+00
6.989470473783470084e-01
-2.825167128802044125e+00
2.704550711970785670e+00
8.060231870920645747e+00
1.569687907440425079e+00
6.403823682792690875e+00
-2.118062651115626416e+00
1.805683626557392785e+00
-3.723794701793854856e+00
7.684242585493645805e-01
-7.739592256947491755e+00
-3.247353247123479392e+00
-1.667101052690441065e+00
-4.366807970956005924e+00
4.629016559291388333e+00
1.732886955053382749e+00
7.887556113173896932e+00
5.475198275687247929e+00
9.684898835449473609e-01
-8.843062711337561055e+00
9.096169590095350088e+00
3.454611075099549566e+00
-1.058670659675161829e+00
-8.676981263734598215e+00
8.179426065754928032e+00
2.190591327281655509e+00
-3.868667940914569670e-01
9.953792893595537095e+00
-3.548178482513522525e+00
5.747836571103405845e+00
